0.376683      	
0.997331      	
0.429092      	
0.411726      	
0.882008      	
0.721387      	
0.283402      	
0.642843      	
0.687027      	
0.228124      	
6.79468E-02   	
3.86127E-02   	
0.869301      	
0.688469      	
0.256921      	
0.277776      	
0.776505      	
0.886665      	
7.27473E-02   	
0.528206      	
0.84866       	
0.859871      	
0.393996      	
0.726954      	
0.512163      	
0.722063      	
0.233874      	
0.273964      	
1.06237E-02   	
0.361802      	
0.490127      	
0.495508      	
0.535431      	
0.178796      	
0.463267      	
6.30834E-02   	
2.19259E-02   	
0.976275      	
0.49977       	
0.604191      	
0.894184      	
0.917158      	
0.53195       	
0.874585      	
0.123138      	
0.58586       	
0.288393      	
0.925186      	
0.431037      	
0.14834       	
0.973615      	
0.717512      	
0.88173       	
0.611811      	
0.921686      	
0.936683      	
0.31403       	
0.899994      	
0.266474      	
0.139015      	
0.819716      	
0.296551      	
0.953762      	
0.759473      	
0.661333      	
2.56321E-02   	
0.138027      	
0.600475      	
0.151833      	
0.35007       	
7.47638E-04   	
0.752789      	
0.683407      	
0.623783      	
1.96019E-02   	
0.933984      	
0.512786      	
0.918974      	
0.775869      	
0.370818      	
0.931911      	
0.29149       	
0.46397       	
0.751459      	
0.821531      	
0.567175      	
0.35053       	
0.174522      	
1.80778E-02   	
0.901439      	
0.500809      	
0.179456      	
0.524953      	
0.222677      	
0.357788      	
0.680365      	
0.592139      	
0.286214      	
0.246108      	
0.942851      	
0.806135      	
0.686423      	
0.86211       	
0.227526      	
0.818279      	
5.01646E-02   	
0.726742      	
0.428912      	
0.127526      	
0.454617      	
0.421206      	
0.44342       	
0.233451      	
0.741204      	
0.850887      	
0.150067      	
0.89715       	
0.648803      	
0.90546       	
0.820832      	
0.470589      	
0.272254      	
0.313735      	
0.570047      	
0.221997      	
0.651756      	
0.175362      	
0.993437      	
0.470173      	
0.807304      	
0.746499      	
0.869653      	
0.325081      	
0.569397      	
0.721626      	
0.726681      	
0.511547      	
0.645433      	
0.275542      	
0.450845      	
0.301665      	
0.623691      	
0.760616      	
0.596979      	
0.565966      	
0.935828      	
0.829695      	
5.13044E-02   	
0.228253      	
0.498642      	
3.03141E-02   	
0.191494      	
0.265954      	
0.151895      	
9.61711E-02   	
0.309913      	
0.997803      	
5.93675E-02   	
0.351092      	
0.938153      	
0.938034      	
0.253651      	
0.128458      	
0.484128      	
0.378162      	
0.125966      	
0.527514      	
7.56792E-02   	
0.823258      	
0.122782      	
0.479924      	
0.959217      	
0.513186      	
0.351924      	
0.761835      	
0.658733      	
0.493762      	
0.104639      	
0.409365      	
0.920591      	
0.549534      	
3.48274E-02   	
0.602017      	
0.277658      	
0.147545      	
1.11469E-03   	
5.24444E-02   	
0.801648      	
1.87206E-02   	
0.447955      	
5.16277E-02   	
0.633289      	
7.93969E-02   	
0.322411      	
0.373353      	
2.63252E-02   	
1.87745E-02   	
0.706027      	
0.629808      	
0.946115      	
0.626177      	
0.573113      	
0.84517       	
0.810119      	
0.923803      	
0.131379      	
0.707076      	
4.39903E-02   	
0.309197      	
0.657997      	
0.231296      	
0.713687      	
0.939009      	
0.177419      	
0.359615      	
0.231801      	
0.723174      	
0.7743        	
0.982131      	
0.513134      	
0.943332      	
0.691147      	
0.309395      	
3.08717E-02   	
0.848885      	
0.285093      	
0.664219      	
0.787834      	
0.925357      	
0.259973      	
0.821802      	
0.718088      	
0.795939      	
0.353262      	
0.736527      	
0.70218       	
0.980961      	
0.387158      	
0.850176      	
0.91678       	
0.275395      	
0.776608      	
0.895169      	
0.151727      	
0.75292       	
0.524844      	
0.34093       	
1.46391E-02   	
0.531918      	
6.97203E-02   	
0.511097      	
0.610727      	
0.619417      	
3.20198E-02   	
0.95815       	
0.811396      	
0.325287      	
0.443308      	
3.93605E-02   	
0.467286      	
0.16741       	
0.317232      	
0.235877      	
0.200151      	
0.557396      	
0.583932      	
0.867433      	
0.435623      	
0.378922      	
0.159993      	
0.868139      	
0.22873       	
0.171558      	
0.898661      	
0.314457      	
0.7792        	
0.972986      	
0.421574      	
0.378133      	
0.892059      	
0.266043      	
8.85973E-02   	
0.560838      	
0.279606      	
0.973576      	
0.471073      	
0.82652       	
0.665398      	
0.589128      	
0.111423      	
0.987594      	
0.752999      	
5.98557E-02   	
0.247869      	
0.22139       	
0.268363      	
8.5994E-02    	
0.156082      	
0.799247      	
0.120776      	
0.603         	
0.536027      	
0.19681       	
0.933213      	
2.42858E-02   	
0.78135       	
0.71206       	
0.949393      	
0.687791      	
0.69095       	
0.828289      	
0.614196      	
0.858868      	
0.993373      	
0.433368      	
0.3256        	
0.214485      	
0.525878      	
0.926609      	
0.303126      	
0.908694      	
5.41145E-02   	
0.301275      	
0.318213      	
0.222585      	
7.04452E-03   	
0.288939      	
0.28107       	
0.449193      	
0.554118      	
0.567833      	
0.727096      	
9.39687E-02   	
0.312568      	
0.237462      	
7.51802E-02   	
9.23691E-02   	
0.730916      	
0.625661      	
0.300776      	
0.902357      	
0.106394      	
4.79732E-02   	
0.75581       	
0.875633      	
2.6308E-02    	
0.13027       	
0.940097      	
0.957336      	
0.351503      	
0.97196       	
0.624286      	
0.199168      	
5.67619E-03   	
0.923601      	
0.720943      	
0.867403      	
0.132947      	
0.481811      	
0.283458      	
0.852162      	
0.983479      	
2.95687E-02   	
0.978922      	
8.10634E-02   	
4.17739E-02   	
6.92035E-02   	
0.161184      	
0.48901       	
0.81412       	
0.327233      	
0.571458      	
0.763555      	
0.538191      	
0.861315      	
0.662614      	
0.881565      	
0.996109      	
0.448585      	
0.364188      	
0.991839      	
0.43366       	
0.887367      	
0.718542      	
0.320668      	
0.106014      	
0.299119      	
0.333828      	
0.5293        	
0.328582      	
0.626855      	
0.577141      	
0.933331      	
0.32914       	
0.32404       	
0.546873      	
0.84759       	
0.103048      	
0.79364       	
0.968222      	
2.99022E-02   	
0.871249      	
0.523595      	
0.560273      	
0.772116      	
0.555363      	
0.91565       	
0.772837      	
0.211901      	
0.765346      	
0.472325      	
0.895794      	
0.430506      	
0.861621      	
9.37241E-02   	
0.250485      	
0.476084      	
0.557171      	
0.810596      	
0.551643      	
0.854696      	
0.843727      	
0.827994      	
0.747649      	
0.911668      	
0.344179      	
0.165069      	
0.105147      	
0.898384      	
0.176349      	
0.70657       	
0.641161      	
7.10774E-02   	
0.415825      	
0.828578      	
0.178381      	
0.23834       	
0.572434      	
0.396807      	
0.866752      	
0.222448      	
0.810276      	
0.109208      	
4.15183E-02   	
0.239962      	
0.890383      	
0.486651      	
5.68572E-02   	
1.57454E-02   	
0.548812      	
1.26083E-02   	
7.20815E-02   	
0.909301      	
0.43091       	
3.17982E-03   	
0.359816      	
0.858223      	
0.176237      	
0.211743      	
0.834863      	
0.605939      	
2.32413E-02   	
0.421717      	
0.603542      	
0.6778        	
0.424146      	
0.573557      	
0.616292      	
0.769161      	
0.112982      	
6.9941E-02    	
0.721386      	
8.91703E-02   	
0.46203       	
0.804757      	
0.523067      	
0.262949      	
0.527668      	
0.121546      	
0.102293      	
0.772097      	
0.769102      	
0.107991      	
0.882868      	
0.538309      	
0.475423      	
0.155775      	
1.12436E-03   	
0.649226      	
0.185723      	
9.99122E-02   	
0.290327      	
0.931515      	
0.563473      	
0.939918      	
0.422678      	
0.878582      	
0.166519      	
0.166004      	
0.181291      	
0.493427      	
0.304842      	
0.981039      	
0.46608       	
4.43043E-02   	
0.940574      	
0.892302      	
0.831989      	
0.526876      	
0.738612      	
0.827625      	
0.723258      	
0.729236      	
0.611023      	
0.969386      	
0.164904      	
0.285236      	
0.5669        	
0.433964      	
0.495537      	
0.657887      	
0.98973       	
0.203993      	
0.213209      	
0.672587      	
5.84056E-02   	
0.474377      	
0.145254      	
0.457569      	
0.420829      	
0.584925      	
0.900069      	
0.697053      	
0.683657      	
0.254568      	
0.294285      	
0.107279      	
0.916212      	
0.731529      	
4.08406E-02   	
0.521687      	
0.169255      	
0.557537      	
0.444702      	
0.302387      	
0.100287      	
0.497816      	
0.622853      	
0.403386      	
0.689777      	
0.489762      	
9.9771E-02    	
0.599766      	
0.214788      	
0.343086      	
0.693046      	
0.295486      	
0.940719      	
0.489034      	
0.32474       	
0.690838      	
0.464117      	
0.939122      	
0.716843      	
0.718964      	
0.303672      	
0.911039      	
0.935305      	
0.175179      	
0.167754      	
0.473289      	
0.273023      	
0.4012        	
0.702249      	
0.895466      	
0.546041      	
0.240301      	
0.11342       	
0.499224      	
0.74221       	
0.74063       	
0.604643      	
3.92384E-02   	
0.431017      	
0.132228      	
0.20106       	
0.840351      	
0.872327      	
0.972491      	
0.999318      	
0.41214       	
0.4634        	
0.192272      	
0.517216      	
0.687687      	
0.843906      	
2.10241E-02   	
0.281439      	
0.528508      	
0.208291      	
0.655908      	
0.870433      	
0.213214      	
0.967004      	
0.207949      	
0.548022      	
0.936168      	
0.766024      	
0.593519      	
0.517         	
0.30538       	
0.458727      	
0.916653      	
0.582238      	
0.373579      	
0.720773      	
0.349584      	
0.543518      	
0.578027      	
0.994087      	
0.81053       	
6.08669E-02   	
0.306112      	
0.187062      	
0.845207      	
0.259819      	
0.80985       	
0.143371      	
0.737634      	
0.877065      	
0.584543      	
0.759553      	
0.890312      	
0.314892      	
0.496673      	
0.460901      	
0.512631      	
0.853539      	
0.571196      	
0.652997      	
0.992881      	
0.592199      	
0.601076      	
0.588283      	
0.87177       	
0.941454      	
0.562242      	
0.4322        	
0.55112       	
0.356248      	
0.198076      	
0.672444      	
0.592809      	
7.95811E-03   	
0.532524      	
0.822585      	
0.712008      	
0.247144      	
0.443886      	
0.983901      	
0.296608      	
0.295273      	
0.836799      	
0.776047      	
0.31585       	
2.48368E-02   	
0.150294      	
0.834482      	
0.171024      	
0.422131      	
0.352876      	
0.682557      	
0.613637      	
0.742679      	
0.587451      	
4.94838E-02   	
0.67606       	
0.784433      	
3.79178E-02   	
0.916728      	
0.519809      	
0.508586      	
0.38504       	
0.528046      	
0.384859      	
0.765367      	
7.1161E-03    	
0.248229      	
0.421475      	
0.589351      	
0.257739      	
0.523521      	
0.425087      	
0.830465      	
0.64347       	
0.992868      	
0.70501       	
0.791293      	
0.222903      	
1.35831E-02   	
4.78586E-02   	
0.431243      	
8.90349E-02   	
0.677053      	
0.343517      	
0.647947      	
0.513996      	
0.915438      	
0.689004      	
0.474359      	
0.878207      	
0.955401      	
6.42228E-02   	
0.100439      	
7.99565E-02   	
0.327622      	
0.180612      	
0.784028      	
0.751857      	
0.98328       	
0.468121      	
0.643797      	
0.529232      	
0.756413      	
0.20965       	
0.491954      	
0.557567      	
0.984321      	
0.62939       	
0.782044      	
0.234284      	
0.111568      	
0.956806      	
0.900375      	
0.259447      	
0.644821      	
0.514631      	
0.5262        	
0.476516      	
0.911877      	
0.802991      	
3.93186E-02   	
0.455229      	
0.928668      	
0.502122      	
0.83598       	
0.571308      	
0.564509      	
0.509563      	
0.497823      	
0.100573      	
0.445055      	
0.362262      	
0.640513      	
0.839455      	
9.99348E-02   	
0.834595      	
0.400391      	
0.703019      	
0.853161      	
0.567997      	
0.955233      	
0.627348      	
0.172643      	
0.910372      	
0.178252      	
0.459651      	
0.277935      	
0.51247       	
2.30045E-02   	
0.304393      	
0.596091      	
0.978835      	
0.280963      	
9.48191E-02   	
0.348552      	
0.175075      	
0.42533       	
0.797548      	
2.35195E-02   	
0.706407      	
0.270011      	
0.31723       	
0.728429      	
0.836803      	
0.236407      	
4.61405E-02   	
6.18142E-02   	
0.960117      	
0.266661      	
0.395059      	
0.614373      	
2.79514E-02   	
0.911134      	
0.884165      	
0.165826      	
0.172693      	
0.191228      	
0.101233      	
0.899031      	
0.743026      	
0.414952      	
7.86303E-02   	
0.89823       	
2.53226E-02   	
0.962391      	
0.880845      	
0.567839      	
0.655063      	
0.162726      	
0.791964      	
0.934745      	
0.6615        	
0.196041      	
0.280135      	
2.39489E-02   	
0.100525      	
0.653297      	
0.128126      	
0.304385      	
0.311652      	
0.735532      	
1.51649E-02   	
0.369272      	
0.258626      	
0.634808      	
0.667086      	
0.794141      	
0.766376      	
0.680614      	
0.765673      	
0.520962      	
0.926605      	
0.592303      	
0.850535      	
9.89704E-02   	
0.255919      	
1.26275E-02   	
0.995275      	
4.08855E-02   	
0.153463      	
0.127139      	
7.26672E-02   	
6.6754E-02    	
8.74189E-02   	
0.236484      	
0.365025      	
0.403337      	
0.111576      	
0.793156      	
0.100614      	
0.23098       	
0.870973      	
0.417394      	
0.741039      	
0.71731       	
0.441511      	
9.64705E-03   	
0.927506      	
0.9952        	
0.747846      	
0.86873       	
0.817991      	
0.651674      	
0.926444      	
0.452819      	
6.76477E-02   	
0.972735      	
0.944204      	
0.824101      	
0.217649      	
0.416638      	
0.921148      	
0.454352      	
0.939827      	
0.682551      	
0.802993      	
4.03815E-02   	
0.431733      	
0.967894      	
0.500428      	
0.540521      	
0.435026      	
0.142874      	
0.588168      	
0.906778      	
0.94702       	
0.725602      	
0.219667      	
0.394845      	
0.228174      	
0.768638      	
0.858823      	
0.343154      	
0.975267      	
0.128081      	
9.32413E-02   	
0.447416      	
0.901008      	
0.123571      	
0.275425      	
0.216131      	
0.445432      	
0.845692      	
0.92573       	
0.136825      	
6.2196E-02    	
0.712418      	
0.537982      	
0.404594      	
0.877901      	
8.60098E-02   	
0.336063      	
0.41925       	
0.484608      	
0.681171      	
0.240033      	
9.33891E-02   	
0.410118      	
0.844605      	
0.8141        	
6.81395E-02   	
0.409338      	
7.79939E-02   	
0.678515      	
0.195674      	
1.85924E-02   	
0.633604      	
0.641979      	
0.390481      	
0.747106      	
0.551088      	
0.50023       	
0.705945      	
0.794812      	
0.680136      	
0.196808      	
0.513365      	
0.393343      	
0.918297      	
0.797162      	
0.913418      	
0.824017      	
0.399835      	
0.413005      	
0.529754      	
0.116583      	
0.402836      	
0.77944       	
6.33343E-03   	
0.975027      	
0.955892      	
0.996569      	
0.728909      	
0.733913      	
0.997749      	
0.28786       	
0.315675      	
0.337292      	
0.746321      	
0.604278      	
0.503671      	
0.570571      	
0.734797      	
0.828387      	
5.05076E-03   	
0.983306      	
0.817366      	
5.20516E-02   	
0.109873      	
0.964195      	
0.29743       	
0.823968      	
0.497215      	
0.430174      	
0.875658      	
0.802107      	
4.74013E-02   	
0.101298      	
0.217997      	
0.121436      	
6.20617E-02   	
0.848573      	
0.306968      	
0.970942      	
0.664626      	
0.748445      	
7.10158E-02   	
0.248409      	
0.924512      	
0.473375      	
0.562643      	
0.994844      	
5.40703E-02   	
0.402857      	
2.08936E-02   	
0.432956      	
0.1062        	
0.596305      	
5.32343E-02   	
