0.42581	
0.01431	
0.38334 	
0.66720	
0.92051	
0.51473	
0.38823	
0.80713	
0.56301	
0.03529	
0.79618	
0.17550	
0.69001	
0.94858	
0.29888	
0.64894	
0.97527	
0.73756	
0.86522	
0.52257	
0.26940	
0.50760	
0.23868	
0.17037	
0.22006	
0.67156	
0.89282	
0.77354	
0.77791	
0.03057	
0.92388	
0.53553	
0.62581	
0.60427	
0.61743	
0.89051	
0.16925	
0.91109	
0.80829 	
0.38425	
0.37928	
0.18497	
0.97978	
0.90861	
0.68228 	
0.60699	
0.96671 	
0.33957	
0.09711	
0.48116	
0.40360	
0.19949 	
0.24396	
0.58797	
0.76551 	
0.04215	
0.68903	
0.86239	
0.92522	
0.81993	
0.23296	
0.99461	
0.71802	
0.87950	
0.84621	
0.97395	
0.29870	
0.23126	
0.19669	
0.57822	
0.08140	
0.47722 	
0.39836 	
0.44447 	
0.98621	
0.83005	
0.96738	
0.69224	
0.23207	
0.62128	
0.17882	
0.86306	
0.78865	
0.44314 	
0.60799	
0.36492	
0.07838 	
0.27472	
0.57035	
0.99998	
0.06986 	
0.03600	
0.92963	
0.79090	
0.66908	
0.80624	
0.04293	
0.12512	
0.45468 	
0.11624	
0.75861	
0.50400	
0.35122	
0.77858	
0.59105	
0.19395	
0.35959	
0.62671	
0.67384	
0.45037	
0.37592	
0.61573	
0.81192	
0.67554	
0.61979	
0.60231	
0.95990	
0.41061	
0.62558	
0.66203 	
0.16873	
0.18162	
0.40047	
0.02503	
0.55740	
0.27554	
0.19914	
0.95774	
0.09760	
0.19271	
0.52625	
0.55107	
0.33475 	
0.58518	
0.16789	
0.74135	
0.31652	
0.32309	
0.47155	
0.63155	
0.45164	
0.03381	
0.10470	
0.27925 	
0.66781	
0.98140	
0.48208	
0.69294 	
0.18426	
0.72100	
0.98200	
0.08104	
0.57172 	
0.32847	
0.56244	
0.51471	
0.66947	
0.29065	
0.60377	
0.13985	
0.87795	
0.39114	
0.74638	
0.71314	
0.02571	
0.57549	
0.10098 	
0.25021	
0.19059 	
0.44071	
0.15585	
0.60316	
0.38692	
0.60913	
0.85716	
0.71380	
0.01497	
0.46914	
0.46661	
0.32580	
0.97267	
0.06122	
0.13442	
0.52783	
0.87115	
0.40292	
0.17513	
0.26199	
0.82869	
0.14877	
0.98739	
0.74129	
0.86809	
0.76284	
0.23070	
0.10336	
0.45203	
0.56349 	
0.76080	
0.73391	
0.68000    	
0.80645	
0.22017	
0.80168	
0.26432	
0.06744	
0.87609	
0.32805	
0.70740	
0.10509	
0.74844	
0.47347	
0.25065	
0.42955	
0.98446	
0.46491 	
0.97855	
0.31989	
0.97794 	
0.48605	
0.22491	
0.45699	
0.75953	
0.01163	
0.09594	
0.97722	
0.44302	
0.10771	
0.56914	
0.00555	
0.73349	
0.26151	
0.80297	
0.66472	
0.40460	
0.79157	
0.63935	
0.53683	
0.24787 	
0.61030	
0.42786	
0.46049	
0.50033	
0.02767	
0.42364	
0.76177	
0.17480  	
0.99271	
0.39093	
0.28083	
0.11697 	
0.26845	
0.78573	
0.90317	
0.15953	
0.97061	
0.00765 	
0.09155	
0.78637	
0.59240	
0.16145	
0.88277	
0.19641	
0.73349	
0.42883	
0.41826	
0.13214	
0.39972	
0.14469	
0.80900	
0.13860	
0.54451	
0.60505	
0.38983	
0.41758	
0.08435	
0.68687	
0.39882	
0.31742	
0.25431 	
0.50421	
0.48448	
0.90346	
0.30569	
0.11558	
0.14095	
0.79870	
0.34701	
0.42668	
0.23214	
0.52128	
0.64206	
0.78606	
0.66049	
0.49026	
0.56143	
0.96667	
0.76091	
0.91816	
0.57260	
0.40575	
0.46413	
0.77134	
0.45150	
0.78886	
0.96617	
0.95880	
0.41492	
0.05263	
0.06162	
0.09965	
0.05861 	
0.12840	
0.09244	
0.75722	
0.89555	
0.48768	
0.51995	
0.80405	
0.83389	
0.29622 	
0.76572	
0.12055	
0.81734 	
0.40986 	
0.56074	
0.99473	
0.81945	
0.02801	
0.28730	
0.02640	
0.93452	
0.71136	
0.04946	
0.94510	
0.05513	
0.83696 	
0.90595	
0.68661	
0.56890	
0.20547	
0.34753	
0.07983 	
0.69954	
0.34979 	
0.14439	
0.79890	
0.02193	
0.49752	
0.24061	
0.57060	
0.88894	
0.72351	
0.38149	
0.38199	
0.94578	
0.94699 	
0.36420	
0.52012	
0.26178	
0.70889	
0.74661	
0.15717	
0.64176	
0.07345	
0.86727	
0.89917	
0.21794	
0.79623 	
0.99745	
0.67812	
0.49605	
0.14189	
0.96840	
0.71508 	
0.83304	
0.27581	
0.68156	
0.75165	
0.82771	
0.41673	
0.05657	
0.83961	
0.91276 	
0.36817	
0.27072	
0.03351 	
0.26265	
0.36097 	
0.46086	
0.83272	
0.66079	
0.76510	
0.47691	
0.59660	
0.43476	
0.81088	
0.74288 	
0.09898	
0.18887	
0.68312	
0.88470	
0.69405	
0.33783	
0.10531	
0.24516	
0.09251	
0.80443	
0.84290	
0.35521	
0.35025	
0.89654	
0.92380	
0.12594	
0.80422 	
0.01893	
0.17384	
0.72401	
0.37096	
0.51462	
0.93318 	
0.82036	
0.48043	
0.16622	
0.88707	
0.07439	
0.94634	
0.00734	
0.01941	
0.40140	
0.28058	
0.38765	
0.08153	
0.74674	
0.54993 	
0.64511	
0.43760	
0.88971	
0.38931	
0.76332 	
0.84404	
0.91181	
0.37286	
0.56189	
0.59356	
0.67297	
0.66425 	
0.83624	
0.84534	
0.62959	
0.33089	
0.95696	
0.57264	
0.30154	
0.82099	
0.53588	
0.04020	
0.45595 	
0.81554 	
0.18418	
0.24321 	
0.17879	
0.35072	
0.06774	
0.86517	
0.96912	
0.83900	
0.34453 	
0.06874	
0.48731	
0.17566	
0.03804	
0.41554	
0.81802	
0.72843	
0.94301	
0.16572	
0.46740	
0.71802	
0.97378	
0.48657	
0.03480	
0.28775	
0.10036	
0.54582	
0.17398	
0.35738	
0.11398	
0.84526	
0.63989	
0.94675	
0.93020	
0.98032	
0.50541 	
0.81822	
0.68342	
0.54515	
0.20391	
0.44881 	
0.21804	
0.06614	
0.75846	
0.37147	
0.87541	
0.39060	
0.57607	
0.22686 	
0.12410	
0.89730	
0.26925	
0.41995	
0.63579	
0.42920	
0.71226	
0.80237	
0.77046	
0.09860	
0.34104	
0.20216	
0.69007	
0.10877	
0.75075	
0.68013 	
0.02880	
0.71753	
0.12292 	
0.55650	
0.88634	
0.43250	
0.23539	
0.77863	
0.14540	
0.66885	
0.60162 	
0.73068 	
0.34504	
0.81868	
0.25416	
0.17448 	
0.26732	
0.77151	
0.95367 	
0.10210	
0.18767	
0.70123	
0.27587	
0.38751	
0.21337	
0.85927	
0.86060	
0.30137	
0.51003	
0.77207	
0.84923	
0.94344	
0.83649	
0.63416	
0.34985 	
0.45417	
0.32641	
0.00057	
0.70870  	
0.67295	
0.72179	
0.54704	
0.98491	
0.91355	
0.14189	
0.46903	
0.50113	
0.93491	
0.27943	
0.16566	
0.31085	
0.67021	
0.48104	
0.47775	
0.61834	
0.97897	
0.32845	
0.35933	
0.42700	
0.93641	
0.05827	
0.88242	
0.12195	
0.49522	
0.87731	
0.03705	
0.59685	
0.07825	
0.25273 	
0.30203	
0.74320	
0.90292	
0.18599	
0.57291 	
0.21826	
0.22322	
0.85135	
0.47129	
0.66967	
0.41145	
0.40517 	
0.87564	
0.23222	
0.57561	
0.85159	
0.27681	
0.10572 	
0.27405	
0.31234	
0.24998	
0.35849	
0.27235	
0.78851	
0.42769	
0.66624	
0.59958	
0.26570	
0.93548	
0.69407	
0.73558 	
0.94074 	
0.29265 	
0.44031	
0.81760	
0.60734	
0.24330	
0.95456	
0.34013	
0.26919	
0.59538	
0.13784	
0.46438	
0.87582	
0.74005	
0.86050	
0.98734	
0.92001	
0.23277	
0.12778	
0.25821 	
0.83627	
0.95621	
0.90972	
0.23528	
0.91205 	
0.98748	
0.97956 	
0.20927	
0.03435	
0.63431	
0.40031	
0.04420	
0.44044	
0.19501	
0.20700	
0.67523	
0.02507	
0.48428	
0.56440	
0.02422 	
0.23983	
0.34446	
0.66082	
0.78779	
0.04655	
0.93130	
0.73064	
0.09331	
0.13957	
0.89569	
0.88331	
0.17657	
0.18485 	
0.03755	
0.27880	
0.58340	
0.47018 	
0.12816	
0.54216	
0.95457	
0.39365 	
0.56095	
0.79949	
0.19978	
0.04596	
0.80173	
0.92873	
0.46442 	
0.82988	
0.40039	
0.19013	
0.26304	
0.16445	
0.49341	
0.16227 	
0.82686	
0.35971	
0.26845	
0.54556	
0.32180  	
0.95361	
0.91450  	
0.92242	
0.91434	
0.67046 	
0.23985	
0.95203	
0.59292	
0.67524	
0.99168	
0.62242	
0.44855	
0.33022 	
0.37404	
0.17266	
0.18784	
0.11808	
0.67930	
0.96108 	
0.06760	
0.17583	
0.44132	
0.13774	
0.17432	
0.61793	
0.05521	
0.54148	
0.50851	
0.77881	
0.42180  	
0.65925	
0.06922 	
0.77622	
0.49664	
0.36626	
0.18192	
0.57672	
0.03648	
0.69452	
0.44047	
0.23785 	
0.40793 	
0.63275	
0.77295	
0.80493	
0.51114	
0.20157 	
0.63243 	
0.19418	
0.64639	
0.88871	
0.72450	
0.04915	
0.41315	
0.25599	
0.45900	
0.95429	
0.29805	
0.36549	
0.10760	
0.55122	
0.73934	
0.48590 	
0.49751	
0.00223	
0.20689	
0.54192	
0.70360	
0.78116	
0.17507	
0.16193	
0.57665	
0.36607	
0.40585 	
0.39640	
0.64975	
0.29900   	
0.31811	
0.24253	
0.01357	
0.09238	
0.87618	
0.07420	
0.80600	
0.20378	
0.45574	
0.01013	
0.28324	
0.90491	
0.46054	
0.60748	
0.99191 	
0.53483 	
0.18096	
0.38400   	
0.32518	
0.06493 	
0.38311	
0.02712	
0.74481	
0.09790	
0.86230	
0.79949	
0.04989 	
0.69595	
0.33186 	
0.37879	
0.43894	
0.44828	
0.48346	
0.14618	
0.12960	
0.11309 	
0.77969	
0.09475	
0.41417	
0.90874	
0.88704 	
0.53199	
0.66224	
0.95109	
0.75446 	
0.33073	
0.64763	
0.59443	
0.45568	
0.27236	
0.08915	
0.01948 	
0.36180	
0.54138	
0.44735	
0.61674	
0.82158	
0.41030	
0.31726	
0.99124	
0.61772	
0.42128 	
0.55093	
0.54557	
0.37442	
0.65707 	
0.10241	
0.24692	
0.70360	
0.41383	
0.98643	
0.77581	
0.45832	
0.05478 	
0.85440	
0.39257	
0.20810	
0.38793	
0.40529	
0.70365	
0.92759 	
0.47998	
0.43929	
0.79695 	
0.62989	
0.53280  	
0.55196 	
0.38017	
0.70003	
0.45716	
0.45657 	
0.65737	
0.50074	
0.94880	
0.45957 	
0.90731	
0.88039	
0.80005	
0.38347	
0.53446	
0.01853 	
0.73287	
0.82287	
0.51852	
0.66684 	
0.23991	
0.69229	
0.52136	
0.92965	
0.77609	
0.81001	
0.21403	
0.88512	
0.52901	
0.24487 	
0.58537	
0.82818	
0.90459	
0.20506	
0.61139	
0.15978	
0.65711	
0.30884	
0.56992	
0.46785	
0.97297	
0.89327	
0.38090	
0.60248	
0.46520	
0.26778	
0.32753	
0.59658	
0.76419	
0.05693	
0.14417	
0.69982	
0.37836	
0.33185	
0.94860	
0.14667	
0.41345	
0.33068	
0.86488	
0.45808	
0.80172	
0.47184	
0.86430  	
0.28217	
0.56585 	
0.01217 	
0.24254	
0.55908	
0.13384	
0.33345	
0.05349	
0.28184	
0.13838	
0.85417 	
0.62035	
0.80445	
0.96320	
0.49648	
0.13761	
0.61843	
0.21267	
0.88300	
0.06512	
0.65291	
0.31624	
0.43780	
0.67342	
0.41144	
0.63571	
0.91016	
0.33030	
0.41259	
0.20201	
0.99986 	
0.96099	
0.09041	
0.32382	
0.00387	
0.05498	
0.06490	
0.61469	
0.76792	
0.41690	
0.37874	
0.99650  	
0.51121	
0.25656	
0.03601	
0.91778	
0.77922 	
0.83369	
0.43967 	
0.86878	
0.56745	
0.63832	
0.59199	
0.66285	
0.95670	
0.45433	
0.49326	
0.46432	
0.39889	
0.37689	
0.45042	
0.74316	
0.21093	
0.83297	
0.25594	
0.76894	
0.40053	
0.66495	
0.74136 	
0.27248	
0.98109	
0.92866	





